---
build/images/5374_image.png: 2015-06-09 08:42:43.622957537 +00:00
build/images/ogp.png: 2015-06-09 08:42:59.770513270 +00:00
build/images/arrow_simple.png: 2015-06-09 08:42:19.087629198 +00:00
build/images/5374_image_01.png: 2015-06-09 08:42:31.815281292 +00:00
build/images/5374_image_02.png: 2015-06-09 08:42:29.099355626 +00:00
build/images/5374_image_03.png: 2015-06-09 08:42:21.075574933 +00:00
build/images/5374_image_03_crop.png: 2015-06-09 08:42:35.583178084 +00:00
build/images/arrow_circle.png: 2015-06-09 08:42:19.071629634 +00:00
build/images/logo.png: 2015-06-09 08:42:20.087601905 +00:00
